10000 48.27
20000 106.78
30000 166.71
40000 229.86
50000 293.63
60000 356.47
70000 421.12
80000 487.98
90000 560.64
100000 620.56
110000 689.30
120000 752.31
130000 823.15
140000 887.52
150000 954.84
160000 1012.14
170000 1079.62
180000 1133.28
190000 1209.21
200000 1262.70
210000 1339.83
220000 1409.82
230000 1464.21
240000 1539.87
250000 1617.44
260000 1681.18
270000 1737.40
280000 1807.15
290000 1874.83
300000 1931.55
310000 2001.51
320000 2082.43
330000 2148.03
340000 2197.89
350000 2263.05
360000 2351.97
370000 2403.66
380000 2479.94
390000 2559.98
400000 2621.85
410000 2696.80
420000 2759.23
430000 2827.35
440000 2892.39
450000 2952.15
460000 3015.16
470000 3081.44
480000 3162.59
490000 3213.76
500000 3290.73
510000 3356.64
520000 3427.54
530000 3483.04
540000 3587.76
550000 3648.11
560000 3689.43
570000 3738.19
580000 3801.00
590000 3881.26
600000 3960.46
610000 4049.83
620000 4117.10
630000 4156.03
640000 4267.82
650000 4287.06
660000 4354.99
670000 4463.89
680000 4512.18
690000 4581.89
700000 4854.85
